0 0.4795803249097473 0.19016239115085903 0.05347472924187725 0.0214168039538715
2 0.6079648014440433 0.14962344080960227 0.05708483754512635 0.02412332313485526
2 0.348601083032491 0.2710637797128736 0.044675090252707585 0.03259590491880442
0 0.8877481949458483 0.13903271357966582 0.05708483754512635 0.03259590491880442
2 0.7469539711191335 0.14268063073664392 0.04986462093862816 0.03071310896681572
2 0.7815884476534296 0.10084725817839492 0.044675090252707585 0.023299599905860204
2 0.7486462093862816 0.077665333019534 0.04287003610108303 0.0214168039538715
1 0.4566787003610108 0.04712873617321723 0.04061371841155235 0.012826547422923041
1 0.44291516245487367 0.07395857848905625 0.03429602888086643 0.012826547422923041
1 0.4887184115523466 0.0750176512120499 0.03429602888086643 0.01612144033890327
1 0.4839801444043321 0.12244057425276536 0.037454873646209384 0.01612144033890327
1 0.3250225631768953 0.10490703694987055 0.036326714801444046 0.015650741350906095
1 0.37387184115523464 0.0981995763709108 0.037454873646209384 0.020122381736879264
1 0.23048285198555957 0.09925864909390444 0.030911552346570396 0.014473993880913156
1 0.20419675090252706 0.13550247116968697 0.05776173285198556 0.018945634266886325
2 0.32412003610108303 0.13997411155566017 0.04490072202166065 0.023417274652859497
1 0.223601083032491 0.3469639915274182 0.05144404332129964 0.015650741350906095
1 0.2802346570397112 0.2903624382207578 0.04061371841155235 0.02624146858084255
1 0.34329873646209386 0.39268063073664394 0.036326714801444046 0.01788656154389268
1 0.48273916967509023 0.4947634737585314 0.039485559566787 0.014473993880913156
1 0.4893953068592058 0.4138032478230172 0.06092057761732852 0.031183807954812896
1 0.4565658844765343 0.37120498940927277 0.027752707581227436 0.021769828194869383
1 0.43637184115523464 0.30260061190868437 0.05776173285198556 0.01400329489291598
1 0.7117554151624549 0.18992704165686045 0.030911552346570396 0.018357260531889855
1 0.3631543321299639 0.1798658507884208 0.030911552346570396 0.02059308072487644
1 0.84375 0.24882325253000706 0.036326714801444046 0.020122381736879264
1 0.7321750902527075 0.22040480112967756 0.037454873646209384 0.01788656154389268
1 0.6904332129963899 0.31683925629559895 0.037454873646209384 0.023417274652859497
1 0.7336416967509025 0.27665333019534005 0.04715703971119133 0.028947987761826312
1 0.9282490974729242 0.202165215344787 0.03203971119133574 0.022828900917863028
1 0.9112138989169675 0.23093669098611438 0.04715703971119133 0.023417274652859497
1 0.8898916967509025 0.3798540833137209 0.04061371841155235 0.01788656154389268
1 0.7925315884476535 0.44422216992233465 0.027752707581227436 0.018357260531889855
1 0.7133348375451264 0.4772299364556366 0.030009025270758122 0.00953165450694281
2 0.5401624548736462 0.041833372558249 0.03429602888086643 0.018945634266886325
2 0.6234205776173285 0.07331136738056013 0.04918772563176895 0.024005648387855967
2 0.6956227436823105 0.08054836432101671 0.0351985559566787 0.025064721110849612
2 0.6316561371841155 0.20281242645328312 0.024593862815884476 0.01400329489291598
2 0.6337996389891697 0.35979053895034124 0.046028880866425995 0.027888915038832666
2 0.6385379061371841 0.38773829136267357 0.04918772563176895 0.022358201929865852
2 0.6319945848375451 0.4124499882325253 0.04918772563176895 0.024005648387855967
2 0.5400496389891697 0.35890797834784655 0.04490072202166065 0.018357260531889855
2 0.3910198555956679 0.3996822781831019 0.046028880866425995 0.02624146858084255
2 0.384927797833935 0.42274652859496353 0.05550541516245487 0.018945634266886325
2 0.3722924187725632 0.47687691221463874 0.04918772563176895 0.015650741350906095
2 0.39158393501805056 0.46046128500823724 0.03858303249097473 0.022828900917863028
1 0.7293546931407943 0.4185690750764886 0.027752707581227436 0.022828900917863028
2 0.8127256317689531 0.34725817839491646 0.04061371841155235 0.019534008001882795
2 0.7251805054151624 0.3285478936220287 0.017148014440433214 0.025653094845846082
1 0.8893276173285198 0.2847140503647917 0.050315884476534296 0.025064721110849612
2 0.9400947653429603 0.3511414450458932 0.021435018050541516 0.015062367615909626
1 0.9289259927797834 0.31931042598258413 0.0351985559566787 0.02059308072487644
1 0.9459611913357401 0.2825370675453048 0.024593862815884476 0.018357260531889855
1 0.842283393501805 0.14332784184514002 0.037454873646209384 0.028947987761826312
2 0.47010379061371843 0.1709814073899741 0.06520758122743682 0.019534008001882795
1 0.5603564981949458 0.2867145210637797 0.030009025270758122 0.020122381736879264
1 0.5706227436823105 0.30754295128265474 0.0351985559566787 0.01612144033890327
1 0.6074007220216606 0.28083078371381504 0.03203971119133574 0.021769828194869383
1 0.6437274368231047 0.2682984231583902 0.023465703971119134 0.021181454459872913
0 0.08404783393501805 0.854495175335373 0.04174187725631769 0.022475876676865146
0 0.309115523465704 0.7314662273476112 0.06182310469314079 0.03012473523181925
0 0.40185018050541516 0.7135796658037186 0.056407942238267145 0.02800658978583196
0 0.7749323104693141 0.5810779006825135 0.04174187725631769 0.030830783713815015
2 0.5435469314079422 0.9084490468345493 0.04693140794223827 0.02800658978583196
2 0.39248646209386284 0.7437044010355378 0.03497292418772563 0.02800658978583196
1 0.12364620938628158 0.7339373970345964 0.050992779783393505 0.02800658978583196
1 0.13233303249097472 0.8057778300776653 0.04174187725631769 0.020357731230877852
1 0.1759927797833935 0.8299599905860202 0.053700361010830325 0.02800658978583196
1 0.08675541516245487 0.7827135796658037 0.039034296028880866 0.018945634266886325
2 0.07784296028880866 0.8145445987291128 0.04828519855595668 0.025182395857848906
2 0.11902075812274368 0.8969757590021181 0.030911552346570396 0.02318192515886091
2 0.2661326714801444 0.9064485761355613 0.037680505415162456 0.03647917156978112
1 0.20634025270758122 0.9330430689574017 0.036326714801444046 0.03224288067780654
2 0.26071750902527074 0.9525770769592845 0.03226534296028881 0.026594492821840433
2 0.4469765342960289 0.9732878324311602 0.052346570397111915 0.027300541303836197
2 0.3051669675090253 0.965991998117204 0.037680505415162456 0.02800658978583196
2 0.3374323104693141 0.9715815485996705 0.026850180505415162 0.01823958578489056
1 0.4314079422382672 0.8307248764415156 0.04828519855595668 0.01965168274888209
2 0.39914259927797835 0.8548481995763709 0.04828519855595668 0.020357731230877852
2 0.26071750902527074 0.8008943280771946 0.04580324909747292 0.028712638267827724
1 0.22721119133574008 0.7651212049894093 0.050992779783393505 0.03012473523181925
1 0.610221119133574 0.7504706989879972 0.026850180505415162 0.021769828194869383
1 0.6714801444043321 0.7644151565074135 0.0631768953068592 0.028712638267827724
2 0.6196976534296029 0.7735349493998588 0.03226534296028881 0.017533537302894798
2 0.5672382671480144 0.871322664156272 0.07536101083032491 0.016827488820899034
2 0.4987590252707581 0.8849729348081902 0.040388086642599276 0.018945634266886325
2 0.6014214801444043 0.8919745822546482 0.04174187725631769 0.02588844433984467
2 0.7185243682310469 0.844669333960932 0.04174187725631769 0.03365497764179807
1 0.6600857400722022 0.6469757590021181 0.040388086642599276 0.025182395857848906
1 0.8656362815884476 0.6550953165450695 0.040388086642599276 0.027300541303836197
1 0.8447653429602888 0.7507648858554954 0.055054151624548735 0.025182395857848906
2 0.8924864620938628 0.6988703224288068 0.040388086642599276 0.029418686749823487
2 0.860221119133574 0.8342551188514945 0.029557761732851986 0.023887973640856673
2 0.7868907942238267 0.8341374441044952 0.017373646209386282 0.01400329489291598
2 0.6020983754512635 0.6683925629559897 0.03497292418772563 0.02588844433984467
2 0.7177346570397112 0.6529771710990822 0.04828519855595668 0.03012473523181925
2 0.7735785198555957 0.6407389974111556 0.036326714801444046 0.035067074605789596
2 0.5517824909747292 0.6750411861614497 0.04174187725631769 0.02106377971287362
2 0.5039485559566786 0.701341492115792 0.03226534296028881 0.02588844433984467
2 0.33540162454873645 0.6217933631442693 0.09814981949458483 0.040715462461755704
2 0.19957129963898917 0.657507648858555 0.036326714801444046 0.016827488820899034
2 0.19032039711191337 0.5719581077900683 0.04444945848375451 0.012591197928924453
1 0.4125676895306859 0.5600141209696399 0.09138086642599277 0.026594492821840433
1 0.6149593862815884 0.697164038597317 0.04174187725631769 0.02318192515886091
1 0.45769404332129965 0.7555895504824665 0.036326714801444046 0.026594492821840433
2 0.39519404332129965 0.7966580371852201 0.04580324909747292 0.037185220051776886
1 0.2930956678700361 0.678512591197929 0.056407942238267145 0.025182395857848906
2 0.16459837545126355 0.7154036243822076 0.025496389891696752 0.018945634266886325
2 0.4448330324909747 0.7115203577312309 0.03226534296028881 0.022475876676865146
1 0.6633574007220217 0.6021416803953872 0.04693140794223827 0.030830783713815015
2 0.6330099277978339 0.5352435867262886 0.04580324909747292 0.018945634266886325
2 0.6620036101083032 0.5517180513061897 0.0631768953068592 0.01965168274888209
1 0.8205099277978339 0.8856789832901859 0.04444945848375451 0.017533537302894798
1 0.5599052346570397 0.826841609790539 0.039034296028880866 0.021769828194869383
1 0.18152075812274368 0.6147328783243116 0.02414259927797834 0.026594492821840433
2 0.03756768953068592 0.7496469757590021 0.029557761732851986 0.01612144033890327
1 0.5744584837545126 0.9680513061896917 0.04693140794223827 0.01823958578489056
