2 0.467813670411985 0.040303600847258175 0.05407303370786517 0.028124264532831254
1 0.40788857677902624 0.03424335137679454 0.042837078651685394 0.016003765591903977
2 0.37909644194756553 0.053012473523181926 0.05220037453183521 0.023417274652859497
2 0.42193352059925093 0.06854554012708873 0.05220037453183521 0.02435867262885385
2 0.4640683520599251 0.08913862085196517 0.04658239700374532 0.022475876676865146
0 0.6237125468164794 0.058660861379148034 0.059691011235955056 0.044128030124735235
2 0.6638576779026217 0.04459872911273241 0.035580524344569285 0.019769357495881382
1 0.5713951310861424 0.05024711696869852 0.03745318352059925 0.01788656154389268
2 0.5435393258426966 0.03659684631678042 0.033707865168539325 0.016945163567898328
2 0.4957865168539326 0.054012708872675924 0.035580524344569285 0.019769357495881382
1 0.5444756554307116 0.07642974817604142 0.031835205992509365 0.021534478700870795
1 0.5806413857677902 0.09013885620145917 0.044709737827715354 0.020710755471875734
1 0.32759831460674155 0.07319369263356083 0.04658239700374532 0.016945163567898328
2 0.44592696629213485 0.15550717815956697 0.03136704119850187 0.023652624146858085
2 0.4661750936329588 0.17768886796893388 0.05828651685393258 0.018592610025888443
2 0.47787921348314605 0.2072840668392563 0.05032771535580524 0.03377265238879736
2 0.429190074906367 0.21716874558719698 0.02457865168539326 0.02200517768886797
2 0.723314606741573 0.12708872675923746 0.03932584269662921 0.019769357495881382
2 0.71875 0.14615203577312308 0.05266853932584269 0.019769357495881382
2 0.764747191011236 0.1320310661332078 0.03464419475655431 0.023064250411861616
2 0.7175795880149812 0.204165686043775 0.0325374531835206 0.024240997881854555
2 0.7652153558052435 0.18816192045187102 0.033707865168539325 0.03153683219581078
2 0.800561797752809 0.2039303365497764 0.03932584269662921 0.020240056483878558
0 0.5120552434456929 0.25994351612144034 0.08075842696629214 0.03318427865380089
2 0.3815543071161049 0.3295481289715227 0.05711610486891386 0.029301012002824194
2 0.46945224719101125 0.29765827253471405 0.044709737827715354 0.020828430218875028
0 0.2761001872659176 0.30389503412567664 0.05266853932584269 0.02765356554483408
1 0.21570692883895132 0.16162626500353025 0.04377340823970038 0.018004236290891974
1 0.1618679775280899 0.36102612379383386 0.04143258426966292 0.01576841609790539
1 0.04997659176029962 0.31119086843963284 0.0325374531835206 0.01518004236290892
1 0.5198970037453183 0.15827253471405037 0.02902621722846442 0.020240056483878558
1 0.6228932584269663 0.12055777830077666 0.040262172284644196 0.013532595904918805
2 0.16982677902621723 0.2250529536361497 0.0325374531835206 0.020828430218875028
0 0.14056647940074907 0.13609084490468346 0.05266853932584269 0.03212520593080725
0 0.08789794007490637 0.16951047305248293 0.04143258426966292 0.022475876676865146
2 0.05945692883895131 0.2176982819486938 0.05383895131086142 0.018592610025888443
2 0.07666198501872659 0.24729348081901623 0.05032771535580524 0.019180983760884913
2 0.06168071161048689 0.2695340080018828 0.03815543071161049 0.020828430218875028
2 0.20997191011235955 0.08166627441751 0.03464419475655431 0.01576841609790539
2 0.2611189138576779 0.09602259355142387 0.03581460674157303 0.017415862555895504
2 0.30547752808988765 0.1490350670746058 0.03932584269662921 0.01635678983290186
2 0.36200842696629215 0.1624499882325253 0.03815543071161049 0.02647681807484114
2 0.4089419475655431 0.1407978347846552 0.040262172284644196 0.023652624146858085
2 0.2688436329588015 0.18757354671687457 0.03581460674157303 0.01129677571193222
2 0.3091058052434457 0.2481172040480113 0.044709737827715354 0.020828430218875028
2 0.2778558052434457 0.2621793363144269 0.020131086142322098 0.014120969639915274
1 0.49414794007490637 0.4049188044245705 0.05383895131086142 0.01459166862791245
2 0.5036282771535581 0.4696987526476818 0.030196629213483147 0.018004236290891974
1 0.6609316479400749 0.4606966345022358 0.02457865168539326 0.020240056483878558
2 0.5894194756554307 0.45510708401976935 0.040262172284644196 0.019180983760884913
2 0.5984316479400749 0.4182160508354907 0.03815543071161049 0.017415862555895504
0 0.675561797752809 0.30807248764415157 0.11657303370786516 0.04612850082372323
2 0.5843867041198502 0.314838785596611 0.04143258426966292 0.024829371616851025
2 0.5086610486891385 0.32331136738056016 0.05149812734082397 0.029301012002824194
2 0.568000936329588 0.3708519651682749 0.047050561797752806 0.02647681807484114
2 0.4851357677902622 0.37879501059072723 0.03581460674157303 0.017415862555895504
2 0.37816011235955055 0.38356083784419864 0.07279962546816479 0.023652624146858085
2 0.354751872659176 0.40833137208755 0.05500936329588015 0.0214168039538715
2 0.22975187265917604 0.41650976700400094 0.047050561797752806 0.0253000706048482
2 0.1858614232209738 0.3976818074841139 0.040262172284644196 0.03942104024476347
0 0.058871722846441946 0.335667215815486 0.030196629213483147 0.019180983760884913
2 0.4318820224719101 0.46246175570722525 0.048220973782771535 0.037185220051776886
0 0.4610252808988764 0.49252765356554484 0.05032771535580524 0.01635678983290186
0 0.7703651685393258 0.4376323840903742 0.05945692883895131 0.02706519180983761
2 0.9248595505617978 0.28224288067780656 0.05945692883895131 0.024829371616851025
0 0.9501404494382022 0.22952459402212286 0.060393258426966294 0.02200517768886797
2 0.9311797752808989 0.20387149917627678 0.05149812734082397 0.023652624146858085
2 0.6592930711610487 0.17427630030595434 0.05032771535580524 0.028712638267827724
2 0.8639981273408239 0.1996352082843022 0.05149812734082397 0.01518004236290892
2 0.8549859550561798 0.15427159331607437 0.049391385767790265 0.01459166862791245
2 0.8838951310861424 0.13550247116968697 0.04260299625468165 0.02647681807484114
2 0.6089653558052435 0.15403624382207579 0.04143258426966292 0.024240997881854555
2 0.5719803370786517 0.11184984702282891 0.04377340823970038 0.01635678983290186
2 0.5012874531835206 0.13091315603671452 0.05032771535580524 0.01518004236290892
2 0.6935861423220974 0.10643680866086137 0.07162921348314606 0.018004236290891974
2 0.25433052434456926 0.3683807954812897 0.047050561797752806 0.022475876676865146
2 0.3345037453183521 0.4747587667686515 0.03698501872659176 0.018004236290891974
2 0.3669241573033708 0.4857613556130854 0.030196629213483147 0.012944222169922335
2 0.8734784644194756 0.3033654977641798 0.023642322097378276 0.014120969639915274
1 0.8386001872659176 0.31995763709108027 0.023642322097378276 0.01459166862791245
1 0.7620552434456929 0.33407860673099554 0.01802434456928839 0.016945163567898328
2 0.8384831460674157 0.23287832431160274 0.0299625468164794 0.013179571663920923
1 0.4523642322097378 0.532007531183808 0.04377340823970038 0.012708872675923747
1 0.6460674157303371 0.6308543186632148 0.033707865168539325 0.019769357495881382
1 0.5538389513108615 0.7419392798305484 0.035580524344569285 0.020240056483878558
1 0.7866338951310862 0.7362908919745823 0.04190074906367041 0.01459166862791245
1 0.6750936329588015 0.7861849847022829 0.031835205992509365 0.019769357495881382
1 0.5980805243445693 0.7861261473287833 0.027153558052434457 0.021534478700870795
0 0.11013576779026217 0.7029301012002824 0.06905430711610487 0.041774535184749356
0 0.1391619850187266 0.6305601317957167 0.05220037453183521 0.022946575664862322
2 0.12698970037453183 0.6513297246410921 0.044709737827715354 0.018357260531889855
2 0.10685861423220974 0.7615321252059308 0.04377340823970038 0.026712167568839727
2 0.2388810861423221 0.6402682984231584 0.05220037453183521 0.019769357495881382
2 0.5270365168539326 0.6359731701576842 0.05500936329588015 0.021534478700870795
2 0.4125702247191011 0.6686279124499882 0.05032771535580524 0.016474464579901153
2 0.42017790262172283 0.6879265709578725 0.03932584269662921 0.018357260531889855
0 0.2482443820224719 0.5710167098140739 0.0671816479400749 0.02953636149682278
2 0.3702013108614232 0.5618380795481289 0.05688202247191011 0.02435867262885385
0 0.3608380149812734 0.7714168039538715 0.049391385767790265 0.031419157448811484
2 0.31917134831460675 0.7414097434690515 0.04845505617977528 0.024829371616851025
2 0.34304775280898875 0.709166862791245 0.05500936329588015 0.029065662508825606
2 0.4520131086142322 0.7096375617792422 0.04119850187265917 0.02435867262885385
2 0.4952013108614232 0.6972817133443163 0.05500936329588015 0.025770769592845376
2 0.46828183520599254 0.5824311602730055 0.05875468164794007 0.02435867262885385
2 0.5335908239700374 0.595669569310426 0.051264044943820225 0.019769357495881382
2 0.6857443820224719 0.6848081901623911 0.05500936329588015 0.027182866556836903
2 0.6106039325842697 0.7158154859967051 0.05032771535580524 0.019769357495881382
2 0.5607443820224719 0.6956342668863262 0.04377340823970038 0.0253000706048482
2 0.522003745318352 0.7118145445987291 0.026217228464419477 0.011767474699929396
2 0.8711376404494382 0.6366792186396799 0.044709737827715354 0.024829371616851025
2 0.6882022471910112 0.716992233466698 0.04119850187265917 0.020240056483878558
2 0.47717696629213485 0.7718875029418687 0.0671816479400749 0.02200517768886797
2 0.5635533707865169 0.5627794775241233 0.06062734082397004 0.027182866556836903
2 0.8948970037453183 0.7477053424335137 0.03464419475655431 0.015062367615909626
2 0.5120552434456929 0.7967168745587196 0.06062734082397004 0.02953636149682278
2 0.5448267790262172 0.8228995057660626 0.049391385767790265 0.016945163567898328
2 0.7580758426966292 0.7882442927747705 0.042837078651685394 0.02106377971287362
2 0.7272940074906367 0.7721816898093669 0.033707865168539325 0.015062367615909626
2 0.06062734082397004 0.8002471169686985 0.035580524344569285 0.029065662508825606
2 0.6704119850187266 0.5841374441044952 0.018726591760299626 0.015533066603906801
2 0.7301029962546817 0.5926100258884444 0.0299625468164794 0.015533066603906801
2 0.7783239700374532 0.5742527653565545 0.02902621722846442 0.012708872675923747
2 0.6571863295880149 0.9180983760884914 0.04845505617977528 0.015062367615909626
2 0.8683286516853933 0.8266062602965404 0.042837078651685394 0.03659684631678042
2 0.827247191011236 0.8134855260061191 0.03745318352059925 0.019769357495881382
2 0.8243211610486891 0.8387855966109673 0.044709737827715354 0.01882795951988703
1 0.7139513108614233 0.8304895269475171 0.023408239700374533 0.022946575664862322
1 0.833684456928839 0.7641798070134149 0.044709737827715354 0.016945163567898328
0 0.7861657303370787 0.6552718286655683 0.042837078651685394 0.028124264532831254
0 0.9270833333333334 0.6510355377735938 0.057818352059925096 0.0253000706048482
2 0.8011470037453183 0.875323605554248 0.04658239700374532 0.02435867262885385
1 0.8693820224719101 0.874499882325253 0.02247191011235955 0.034714050364791714
2 0.7436797752808989 0.87332313485526 0.040262172284644196 0.032360555424805836
2 0.4284878277153558 0.8071310896681572 0.042837078651685394 0.020240056483878558
2 0.47624063670411987 0.8535537773593787 0.044709737827715354 0.026712167568839727
2 0.5167368913857678 0.8837961873381972 0.05875468164794007 0.022475876676865146
2 0.5722144194756554 0.896328547893622 0.05220037453183521 0.018357260531889855
2 0.7591292134831461 0.9430454224523417 0.033707865168539325 0.016003765591903977
0 0.43562734082397003 0.9498705577783008 0.03464419475655431 0.020240056483878558
2 0.2820692883895131 0.8949164509296305 0.03932584269662921 0.011767474699929396
0 0.25105337078651685 0.873676159096258 0.042837078651685394 0.025770769592845376
0 0.18059456928838952 0.9054483407860673 0.07186329588014981 0.0253000706048482
0 0.11154026217228465 0.8587314662273476 0.049391385767790265 0.031419157448811484
0 0.6096676029962547 0.9739938809131561 0.05220037453183521 0.01882795951988703
0 0.5307818352059925 0.9309837608849141 0.05688202247191011 0.04271593316074371
2 0.2208567415730337 0.8214285714285714 0.051264044943820225 0.027182866556836903
0 0.1425561797752809 0.8394328077194634 0.03651685393258427 0.02859496352082843
0 0.3402387640449438 0.8387267592374676 0.05500936329588015 0.02435867262885385
2 0.3210440074906367 0.8699105671922805 0.04845505617977528 0.02200517768886797
2 0.20962078651685392 0.8704401035537773 0.04564606741573034 0.017415862555895504
1 0.325374531835206 0.9652859496352083 0.03651685393258427 0.015533066603906801
2 0.35522003745318353 0.8939750529536361 0.049391385767790265 0.017415862555895504
2 0.3561563670411985 0.9108025417745352 0.05500936329588015 0.013650270651918098
2 0.42006086142322097 0.9803483172511179 0.05594569288389513 0.01459166862791245
2 0.9339887640449438 0.6814544598729113 0.040262172284644196 0.025182395857848906
2 0.9470973782771536 0.779830548364321 0.03323970037453183 0.018121911037891267
2 0.8737125468164794 0.7086373264297482 0.02785580524344569 0.020946104965874325
2 0.7945926966292135 0.9038597317015769 0.030664794007490635 0.017415862555895504
2 0.6417368913857678 0.5666039068016003 0.030664794007490635 0.02588844433984467
