1 0.48683404776484995 0.06252886836027714 0.02286180853235354 0.01789838337182448
1 0.4272300469483568 0.028810623556581986 0.02980200040824658 0.01189376443418014
1 0.2955705245968565 0.0943418013856813 0.03674219228413962 0.015935334872979216
2 0.3148601755460298 0.12551963048498846 0.0438865074505001 0.022863741339491917
1 0.1904470300061237 0.12609699769053118 0.02286180853235354 0.019861431870669747
1 0.25964482547458667 0.11212471131639723 0.02449479485609308 0.019861431870669747
2 0.2218820167381098 0.18960739030023094 0.04041641151255358 0.019861431870669747
1 0.34211063482343335 0.1796189376443418 0.02449479485609308 0.025750577367205544
2 0.11226780975709329 0.3191108545034642 0.028169014084507043 0.01882217090069284
2 0.1316595223515003 0.3403579676674365 0.028169014084507043 0.021824480369515013
2 0.38691569708103696 0.21333718244803695 0.050826699326393145 0.03175519630484989
0 0.5429679526433966 0.14445727482678983 0.04041641151255358 0.022863741339491917
2 0.5429679526433966 0.11206697459584296 0.04041641151255358 0.025750577367205544
2 0.7526025719534599 0.08233256351039261 0.02449479485609308 0.02378752886836028
2 0.6876913655848133 0.1573325635103926 0.028169014084507043 0.028752886836027714
2 0.46754439681567667 0.22130484988452656 0.0438865074505001 0.025750577367205544
2 0.5123494590732802 0.2317551963048499 0.03510920596040008 0.03279445727482679
2 0.7411716676872832 0.21541570438799076 0.04041641151255358 0.027829099307159353
1 0.7842416819759135 0.2083718244803695 0.028169014084507043 0.025750577367205544
1 0.8009797917942437 0.24613163972286375 0.04041641151255358 0.021824480369515013
2 0.8157787303531333 0.30069284064665125 0.04551949377423964 0.02378752886836028
1 0.8060828740559298 0.27448036951501154 0.04735660338844662 0.022863741339491917
2 0.9018166972851602 0.26501154734411086 0.028169014084507043 0.02979214780600462
0 0.8684425392937334 0.3076789838337182 0.0385793018983466 0.025750577367205544
2 0.7447438252704633 0.3061200923787529 0.0332720963461931 0.03071593533487298
2 0.697285160236783 0.34486143187066975 0.04735660338844662 0.028752886836027714
1 0.7499489691773832 0.35635103926097 0.03674219228413962 0.02979214780600462
2 0.6491120636864667 0.3598152424942263 0.028169014084507043 0.022863741339491917
2 0.6693202694427434 0.43077367205542727 0.03674219228413962 0.021824480369515013
2 0.6560522555623597 0.4580254041570439 0.04204939783629312 0.01489607390300231
0 0.5982853643600735 0.43227482678983836 0.04204939783629312 0.024826789838337183
2 0.36670749132476016 0.4128752886836028 0.031639110022453565 0.03175519630484989
2 0.413247601551337 0.39751732101616627 0.0438865074505001 0.028752886836027714
2 0.38068993672178 0.36518475750577367 0.04204939783629312 0.021824480369515013
1 0.43080220453153706 0.4282909930715935 0.0438865074505001 0.022863741339491917
1 0.42539293733414985 0.32251732101616626 0.04735660338844662 0.02378752886836028
1 0.5078587466829966 0.3207852193995381 0.034292712798530314 0.020785219399538105
1 0.366401306389059 0.29659353348729794 0.024903041437027963 0.024595842956120093
2 0.5552153500714432 0.5136258660508083 0.03674219228413962 0.020785219399538105
0 0.5294958154725454 0.538568129330254 0.05388854868340478 0.03348729792147806
1 0.6374770361298224 0.5359122401847575 0.046131863645641966 0.02378752886836028
2 0.6152275974688712 0.5631062355658198 0.04082465809348847 0.021593533487297922
1 0.3342518881404368 0.5678983833718245 0.03939579506021637 0.020785219399538105
2 0.26515615431720757 0.5950923787528868 0.03551745254133497 0.024595842956120093
1 0.20861400285772608 0.6264434180138568 0.03551745254133497 0.026096997690531178
2 0.20126556440089816 0.6591801385681293 0.034292712798530314 0.021593533487297922
1 0.19606042049397837 0.7611431870669746 0.031639110022453565 0.021593533487297922
0 0.13278220044907124 0.7926674364896074 0.03939579506021637 0.022286374133949193
2 0.1981016533986528 0.7945727482678984 0.03817105531741172 0.023094688221709007
1 0.3124106960604205 0.7804849884526559 0.03817105531741172 0.03348729792147806
2 0.6072667891406409 0.7517898383371825 0.046131863645641966 0.03129330254041571
1 0.4045723617064707 0.6557736720554272 0.030210246989181466 0.020785219399538105
1 0.4605021432945499 0.6144919168591224 0.034292712798530314 0.024595842956120093
1 0.5868544600938967 0.6334295612009238 0.034292712798530314 0.025288683602771363
2 0.4763216983057767 0.716743648960739 0.026331904470300063 0.02378752886836028
1 0.51316595223515 0.7216512702078522 0.028985507246376812 0.027598152424942263
1 0.7737293325168402 0.668418013856813 0.026331904470300063 0.025288683602771363
1 0.6658501735047969 0.7019630484988453 0.02367830169422331 0.019399538106235566
1 0.7440293937538273 0.8206120092378753 0.022453561951418656 0.021593533487297922
2 0.4834660134721372 0.921824480369515 0.05123494590732803 0.03048498845265589
2 0.4033476219636661 0.8408198614318707 0.05388854868340478 0.027598152424942263
1 0.36915697081036947 0.8797921478060046 0.03286384976525822 0.019399538106235566
1 0.3302714839763217 0.8999422632794457 0.028985507246376812 0.022286374133949193
2 0.29863237395386816 0.8823903002309469 0.028985507246376812 0.018591224018475752
1 0.44682588283323127 0.7551963048498845 0.022453561951418656 0.026096997690531178
