2 0.3685512367491166 0.04812897152271123 0.039811542991755 0.018357260531889855
2 0.3171967020023557 0.054601082607672394 0.04734982332155477 0.016003765591903977
2 0.13992932862190813 0.12338197222875971 0.032037691401649 0.017533537302894798
1 0.10082449941107186 0.14209225700164746 0.030624263839811542 0.01070840197693575
1 0.17279151943462898 0.18057189927041656 0.02756183745583039 0.02059308072487644
1 0.23769140164899882 0.18869145681336785 0.032037691401649 0.022946575664862322
1 0.3011778563015312 0.17527653565544835 0.0336866902237927 0.017533537302894798
1 0.334982332155477 0.14438691456813368 0.024499411071849234 0.018357260531889855
1 0.36230859835100115 0.11261473287832431 0.030624263839811542 0.022122852435867264
1 0.4763250883392226 0.12797128736173216 0.02591283863368669 0.023652624146858085
2 0.5235571260306242 0.13785596610967285 0.03510011778563015 0.02059308072487644
2 0.6146054181389871 0.15809602259355143 0.03674911660777385 0.026006119086843964
2 0.662190812720848 0.15662508825606025 0.024499411071849234 0.0214168039538715
0 0.615547703180212 0.037420569545775474 0.06878680800942286 0.0214168039538715
1 0.6269729093050648 0.07142857142857142 0.039811542991755 0.022122852435867264
1 0.8157832744405182 0.09737585314191574 0.02591283863368669 0.026712167568839727
1 0.7935217903415783 0.1310308307837138 0.0336866902237927 0.023652624146858085
1 0.6932862190812721 0.13862085196516827 0.019787985865724382 0.025182395857848906
1 0.794228504122497 0.21922805365968462 0.028975265017667843 0.0214168039538715
1 0.8813898704358069 0.1546834549305719 0.04122497055359246 0.02059308072487644
1 0.5489988221436984 0.18669098611437984 0.045936395759717315 0.026712167568839727
1 0.43274440518256774 0.18139562249941163 0.04287396937573616 0.023652624146858085
1 0.46713780918727915 0.2176982819486938 0.02591283863368669 0.0214168039538715
1 0.4541813898704358 0.25358907978347844 0.04287396937573616 0.024476347375853143
1 0.5122497055359246 0.2513532595904919 0.039811542991755 0.027535890797834785
1 0.16595995288574794 0.22334666980465992 0.04122497055359246 0.022122852435867264
1 0.15371024734982333 0.2853024240997882 0.022850412249705535 0.017533537302894798
1 0.06725559481743228 0.2925982584137444 0.045936395759717315 0.022946575664862322
1 0.7385159010600707 0.2898917392327606 0.03674911660777385 0.02059308072487644
2 0.7692579505300353 0.24217462932454695 0.05206124852767962 0.024476347375853143
2 0.8777385159010601 0.23940927277006355 0.024499411071849234 0.02059308072487644
2 0.9608951707891638 0.22340550717815957 0.02591283863368669 0.02059308072487644
1 0.917432273262662 0.2547658272534714 0.02756183745583039 0.022122852435867264
2 0.9167255594817433 0.33613791480348315 0.04734982332155477 0.029065662508825606
1 0.7828032979976443 0.31201459166862794 0.030624263839811542 0.02059308072487644
1 0.8334511189634864 0.32572369969404563 0.024499411071849234 0.025182395857848906
1 0.7722025912838634 0.4331019063309014 0.03674911660777385 0.013767945398917392
1 0.7017667844522968 0.4277477053424335 0.030624263839811542 0.018357260531889855
1 0.6537102473498233 0.44304542245234174 0.044287396937573616 0.0214168039538715
2 0.5750294464075383 0.44257472346434457 0.024499411071849234 0.01906330901388562
2 0.49316843345111894 0.42621793363144267 0.03510011778563015 0.024476347375853143
2 0.36395759717314485 0.3979171569781125 0.030624263839811542 0.019887032242880676
2 0.283510011778563 0.305836667451165 0.04734982332155477 0.028241939279830548
1 0.33404004711425206 0.29942339373970345 0.032037691401649 0.026006119086843964
2 0.23780918727915196 0.27647681807484115 0.03510011778563015 0.022946575664862322
1 0.20023557126030625 0.302835961402683 0.030624263839811542 0.02059308072487644
1 0.1010600706713781 0.27112261708637325 0.03674911660777385 0.0214168039538715
1 0.03121319199057715 0.30477759472817134 0.022850412249705535 0.018357260531889855
1 0.3302709069493522 0.3589668157213462 0.030624263839811542 0.019887032242880676
2 0.5917550058892815 0.3364321016709814 0.030624263839811542 0.01906330901388562
1 0.6183745583038869 0.31854554012708874 0.03816254416961131 0.018357260531889855
1 0.5465253239104829 0.32466462697105203 0.02591283863368669 0.018357260531889855
1 0.43286219081272087 0.3827371146152036 0.045936395759717315 0.016827488820899034
1 0.5787985865724382 0.4742880677806543 0.032037691401649 0.016827488820899034
1 0.6191990577149588 0.24252765356554484 0.02756183745583039 0.012944222169922335
2 0.467020023557126 0.5331842786538009 0.03510011778563015 0.018357260531889855
2 0.529093050647821 0.5201223817368793 0.030624263839811542 0.015297717109908213
2 0.6101295641931684 0.6060249470463639 0.04899882214369847 0.025182395857848906
2 0.5643109540636042 0.6633913862085197 0.0336866902237927 0.014473993880913156
2 0.5971731448763251 0.6881619204518711 0.032037691401649 0.024476347375853143
2 0.6643109540636042 0.6931042598258413 0.044287396937573616 0.03130148270181219
2 0.7591283863368669 0.659155095316545 0.04734982332155477 0.022946575664862322
2 0.27762073027090695 0.605318898564368 0.059599528857479385 0.022122852435867264
1 0.2684334511189635 0.5850788420804895 0.04122497055359246 0.018357260531889855
2 0.38680800942285043 0.606495646034361 0.024499411071849234 0.018357260531889855
1 0.4502944640753828 0.6205577783007766 0.03510011778563015 0.017533537302894798
1 0.690341578327444 0.6759237467639445 0.04122497055359246 0.012238173687926571
2 0.5160188457008245 0.7367027535890798 0.059599528857479385 0.017533537302894798
1 0.4571260306242638 0.7412332313485526 0.039811542991755 0.022122852435867264
1 0.37149587750294466 0.730995528359614 0.030624263839811542 0.0214168039538715
1 0.5557126030624264 0.7191103789126854 0.032037691401649 0.01906330901388562
1 0.5840989399293286 0.729818780889621 0.0336866902237927 0.012944222169922335
1 0.5842167255594818 0.7565897858319605 0.04899882214369847 0.023652624146858085
2 0.30588928150765604 0.6820428336079077 0.045936395759717315 0.0214168039538715
2 0.2758539458186101 0.7069310425982585 0.03816254416961131 0.02059308072487644
1 0.295170789163722 0.6545657801835726 0.04287396937573616 0.016827488820899034
1 0.223321554770318 0.6366203812661803 0.030624263839811542 0.022122852435867264
1 0.16207302709069493 0.6477406448576135 0.03674911660777385 0.016827488820899034
2 0.8823321554770318 0.6660979053895034 0.02756183745583039 0.016827488820899034
2 0.9289752650176678 0.66333254883502 0.03510011778563015 0.012944222169922335
2 0.6743227326266196 0.7721816898093669 0.05818610129564193 0.018357260531889855
2 0.8156654888103652 0.5755471875735467 0.03510011778563015 0.009884678747940691
1 0.9220259128386337 0.8509060955518946 0.030624263839811542 0.015297717109908213
2 0.7591283863368669 0.7970698987997176 0.05347467608951708 0.03589079783478465
1 0.783510011778563 0.8569663450223582 0.032037691401649 0.029065662508825606
2 0.7468786808009423 0.7676512120498941 0.04122497055359246 0.016827488820899034
1 0.6775029446407538 0.8264297481760414 0.03674911660777385 0.0214168039538715
1 0.6643109540636042 0.8527888915038833 0.03816254416961131 0.01906330901388562
2 0.44098939929328623 0.7951871028477289 0.03816254416961131 0.016827488820899034
2 0.5526501766784452 0.8733819722287597 0.032037691401649 0.01906330901388562
2 0.5956419316843345 0.8664979995293011 0.028975265017667843 0.026712167568839727
2 0.45111896348645464 0.8439632854789362 0.024499411071849234 0.018357260531889855
2 0.41048292108362777 0.8593198399623441 0.059599528857479385 0.029065662508825606
1 0.46489988221436984 0.8886796893386679 0.0336866902237927 0.022122852435867264
2 0.33180212014134275 0.8191927512355849 0.045936395759717315 0.023652624146858085
2 0.2943462897526502 0.7928924452812427 0.04122497055359246 0.024476347375853143
2 0.2531213191990577 0.7771240291833372 0.04122497055359246 0.022122852435867264
1 0.21707891637220258 0.797834784655213 0.0336866902237927 0.016003765591903977
1 0.2866902237926973 0.8333137208755002 0.03816254416961131 0.019887032242880676
2 0.2431095406360424 0.830666039068016 0.024499411071849234 0.016003765591903977
2 0.2371024734982332 0.8473758531419158 0.039811542991755 0.022122852435867264
1 0.1872791519434629 0.8317839491645093 0.032037691401649 0.022946575664862322
0 0.040400471142520614 0.8000706048481996 0.016725559481743226 0.016003765591903977
1 0.1016489988221437 0.8734408096022593 0.022850412249705535 0.02059308072487644
1 0.21012956419316844 0.8990350670746058 0.032037691401649 0.0214168039538715
1 0.3049469964664311 0.914332784184514 0.028975265017667843 0.0214168039538715
2 0.23392226148409895 0.9395151800423629 0.018374558303886925 0.012238173687926571
2 0.3043580683156655 0.9589315132972465 0.04287396937573616 0.025182395857848906
1 0.5803297997644288 0.9578136032007531 0.028975265017667843 0.016827488820899034
1 0.6987043580683157 0.9077429983525536 0.03674911660777385 0.028241939279830548
2 0.4128386336866902 0.9024476347375853 0.039811542991755 0.025182395857848906
1 0.7614840989399293 0.9000941397975994 0.02756183745583039 0.01906330901388562
1 0.5366313309776207 0.6862791244998824 0.04287396937573616 0.025182395857848906
1 0.5123674911660777 0.9772887738291363 0.04287396937573616 0.016003765591903977
1 0.4656065959952886 0.9825841374441044 0.04122497055359246 0.016003765591903977
1 0.4227326266195524 0.9834078606730996 0.022850412249705535 0.009884678747940691
2 0.15147232037691402 0.5991409743469052 0.018374558303886925 0.011414450458931514
