0 0.24995195079761676 0.08080974325213956 0.024793388429752067 0.01261795040596884
2 0.24341725927349606 0.15015360983102918 0.0221026330962906 0.02161509765196401
2 0.35642898327887756 0.17363396971691902 0.03401883528733423 0.019420671494404212
1 0.38775706323275033 0.20194206714944044 0.018258696905631366 0.0119596225587009
2 0.3224101479915433 0.06182795698924731 0.0286373246204113 0.017884573184112355
2 0.3760330578512397 0.08497915295150318 0.0286373246204113 0.0119596225587009
2 0.6417451470305593 0.08201667763879746 0.019604074572362098 0.017884573184112355
2 0.6997885835095138 0.08530831687513715 0.015760138381702864 0.01261795040596884
2 0.6254084182202575 0.11734693877551021 0.026138766096482798 0.01261795040596884
1 0.5516048433596002 0.09578670177748519 0.045742840668844896 0.017116524028966424
0 0.7225639054391697 0.2444042132982225 0.024793388429752067 0.023809523809523808
2 0.545166250240246 0.31001755540926046 0.02748414376321353 0.019420671494404212
2 0.5600615029790506 0.24149659863945577 0.026138766096482798 0.014922097871406628
1 0.16115702479338842 0.22876892692560896 0.0221026330962906 0.014922097871406628
1 0.15990774553142417 0.20309414088215932 0.029982702287142032 0.017116524028966424
2 0.266384778012685 0.3540157998683344 0.023448010763021335 0.017884573184112355
2 0.2800307514895253 0.37672811059907835 0.032673457620603495 0.015690147026552557
2 0.18152988660388236 0.3271889400921659 0.020949452239092833 0.014922097871406628
2 0.4594464731885451 0.39614878209348253 0.03132807995387277 0.015690147026552557
2 0.6847972323659427 0.40805354399824445 0.019604074572362098 0.018652622339258285
1 0.6410724581971939 0.35516787360105334 0.03132807995387277 0.018652622339258285
2 0.39352296751873916 0.3383256528417819 0.024793388429752067 0.0119596225587009
2 0.44195656352104556 0.4396532806671056 0.024793388429752067 0.013385999561114768
2 0.3734384009225447 0.5123985077902129 0.026138766096482798 0.009655475093263111
2 0.38372093023255816 0.5264976958525346 0.018258696905631366 0.01261795040596884
2 0.3309629060157601 0.5641869651086241 0.019604074572362098 0.014922097871406628
2 0.6637516817220834 0.5726903664691683 0.035172016144532 0.020078999341672153
2 0.7429367672496636 0.5600724160631995 0.020949452239092833 0.015690147026552557
2 0.6110897559100519 0.6211871845512399 0.03401883528733423 0.020078999341672153
0 0.6162790697674418 0.65284178187404 0.03401883528733423 0.013385999561114768
2 0.44704977897366904 0.5943603247750713 0.029982702287142032 0.017116524028966424
2 0.4633865077839708 0.6383037085802062 0.026138766096482798 0.020078999341672153
2 0.4000576590428599 0.7046850998463902 0.0221026330962906 0.020078999341672153
2 0.46136844128387466 0.7188391485626509 0.0221026330962906 0.015690147026552557
2 0.4464731885450702 0.7356265086679833 0.026138766096482798 0.017884573184112355
2 0.3969825100903325 0.7351876234364714 0.020949452239092833 0.01261795040596884
2 0.37411108975591006 0.7359556725916173 0.02748414376321353 0.015690147026552557
2 0.4784739573323083 0.7472021066491112 0.0221026330962906 0.018652622339258285
2 0.2747453392273688 0.7310730743910467 0.02748414376321353 0.014922097871406628
2 0.3336536613492216 0.6424182576256309 0.019604074572362098 0.013385999561114768
2 0.33288487411108975 0.6799978055738425 0.023448010763021335 0.020078999341672153
2 0.42888718047280416 0.8060127276717138 0.024793388429752067 0.018652622339258285
2 0.45041322314049587 0.880568356374808 0.03132807995387277 0.02315119596225587
2 0.48885258504708823 0.8450735132762782 0.024793388429752067 0.013385999561114768
2 0.3394195656352105 0.9173798551678736 0.015760138381702864 0.013385999561114768
1 0.6206995963867 0.7162058371735791 0.0221026330962906 0.016348474873820497
2 0.6768210647703248 0.7396861970594689 0.024793388429752067 0.01261795040596884
2 0.675667883913127 0.8012398507790213 0.024793388429752067 0.0119596225587009
2 0.7512012300595811 0.8533574720210665 0.0221026330962906 0.019420671494404212
2 0.8021333845858158 0.8414527101163046 0.011724005381510668 0.014922097871406628
1 0.8452815683259658 0.6670506912442397 0.019604074572362098 0.019420671494404212
2 0.11627906976744186 0.6595347816545973 0.015760138381702864 0.013385999561114768
2 0.2944455122044974 0.6350120693438666 0.019604074572362098 0.0119596225587009
1 0.5640015375744762 0.6595347816545973 0.020949452239092833 0.020847048496818083
1 0.48885258504708823 0.6942067149440422 0.024793388429752067 0.026113671274961597
2 0.37910820680376706 0.7952051788457318 0.0221026330962906 0.017884573184112355
