0 0.4232179692871877 0.08503684335631091 0.0644052257620903 0.02650344663655812
0 0.7588815035526014 0.089612550511053 0.04446481778592711 0.021630615640599003
0 0.7412330964932387 0.2021630615640599 0.06325922530369012 0.04183503684335631
0 0.12766445106578042 0.35892560019015923 0.08342883337153335 0.030663180413596388
0 0.3850561540224616 0.025077252198716427 0.0550080220032088 0.012598050867601617
0 0.37245014898005957 0.21256239600665558 0.0618840247536099 0.03767530306631804
0 0.5733440293376117 0.23033040171143332 0.0524868209947284 0.02852388875683385
0 0.5819390327756131 0.16829094366531971 0.0618840247536099 0.02852388875683385
0 0.9059133623653449 0.18819824102686 0.04836121934448774 0.033396719752792965
0 0.668691267476507 0.39547183265985264 0.06853082741233096 0.0355360114095555
0 0.046986018794407516 0.24494889469931067 0.04033921613568645 0.031376277632517234
0 0.08595003438001375 0.21672212978369385 0.07792803117121247 0.03482291419063466
0 0.4825807930323172 0.030603755645352983 0.04836121934448774 0.02365105776087473
2 0.531629612651845 0.019550748752079867 0.0524868209947284 0.016757784644639884
0 0.3912445564978226 0.14594723080579985 0.043089617235846894 0.029950083194675542
0 0.1974558789823516 0.3237461373900642 0.06715562686225074 0.031376277632517234
0 0.2648407059362824 0.24881150463513194 0.06715562686225074 0.02365105776087473
0 0.6829016731606693 0.19544806275255527 0.03231721292688517 0.025790349417637273
0 0.4763923905569562 0.3276087473258854 0.04973641989456796 0.02650344663655812
0 0.1667430666972267 0.28607083432374614 0.05386202154480862 0.021630615640599003
0 0.19436167774467109 0.11635369622058474 0.04446481778592711 0.01806512954599477
0 0.9320421728168691 0.21987164250059424 0.03094201237680495 0.02852388875683385
0 0.7474214989685996 0.40533634418825765 0.04033921613568645 0.0355360114095555
0 0.7459316983726794 0.3059781316852864 0.06715562686225074 0.02650344663655812
0 0.7230116892046757 0.12829807463750892 0.0456108182443273 0.02792964107439981
1 0.4425853770341508 0.22117898740194913 0.043089617235846894 0.01949132398383646
1 0.5228054091221637 0.0987639648205372 0.042172816869126745 0.012598050867601617
1 0.4958743983497593 0.1514737342524364 0.025899610359844144 0.013905395768956502
1 0.48109099243639697 0.10773710482529118 0.03575521430208572 0.013905395768956502
1 0.27102910841164335 0.12449488946993106 0.051111620444648176 0.017708580936534348
1 0.762090304836122 0.27745424292845255 0.03850561540224616 0.016757784644639884
0 0.6729314691725876 0.358450202044212 0.07884483153793262 0.028286189683860232
2 0.7424936969974788 0.3349774185880675 0.051111620444648176 0.024126455906821963
2 0.6510428604171442 0.3206560494414072 0.04744441897776759 0.02234371285951985
1 0.6806096722438689 0.3036605657237937 0.03140041256016502 0.019015925837889233
1 0.9054549621819848 0.2792964107439981 0.03323401329360532 0.01949132398383646
2 0.9431583772633509 0.268540527691942 0.024295209718083886 0.025077252198716427
2 0.8615631446252578 0.24786070834323745 0.06005042402016961 0.02745424292845258
2 0.7961265184506073 0.2206441644877585 0.04744441897776759 0.023175659614927503
2 0.8522805409122164 0.18094841930116473 0.03415081366032546 0.015331590206798194
2 0.4887691955076782 0.17536249108628477 0.05294522117808847 0.024601854052769195
2 0.4569103827641531 0.19835987639648206 0.04836121934448774 0.020442120275730925
2 0.6321338528535412 0.25089137152365104 0.03667201466880587 0.021392916567625386
1 0.6116204446481779 0.11498692655098645 0.03140041256016502 0.014380793914903732
2 0.6620444648177859 0.10963869740908011 0.024982809993123998 0.016757784644639884
2 0.8709603483841394 0.13364630377941525 0.03758881503552602 0.02745424292845258
0 0.3706165482466193 0.3596386974090801 0.06371762548705019 0.030663180413596388
2 0.33073573229429293 0.3345020204421203 0.06280082512033004 0.023175659614927503
2 0.40912216364886544 0.32243879248870927 0.058216823286729315 0.028761587829807464
2 0.33921613568645426 0.3129308295697647 0.06005042402016961 0.019015925837889233
0 0.32351592940637175 0.2940931780366057 0.04652761861104744 0.017708580936534348
2 0.27607151042860417 0.2741858806750654 0.06990602796241119 0.01949132398383646
0 0.24020169608067843 0.29985738055621586 0.06096722438688976 0.028286189683860232
2 0.30712812285124913 0.3721773235084383 0.03621361448544579 0.033396719752792965
0 0.3220261288104515 0.19194200142619444 0.06325922530369012 0.02852388875683385
0 0.22518909007563603 0.21327549322557643 0.046986018794407516 0.033396719752792965
2 0.28157231262892507 0.21529593534585215 0.0524868209947284 0.03482291419063466
2 0.34402933761173504 0.1558117423342049 0.034838413935365575 0.029950083194675542
2 0.3737107494842998 0.17803660565723795 0.04836121934448774 0.021630615640599003
2 0.3655741462296585 0.11534347516044688 0.05638322255328902 0.027216543855478965
2 0.38643135457254185 0.09371285951984787 0.04446481778592711 0.03410981697171381
2 0.3365803346321338 0.08117423342048966 0.046986018794407516 0.018778226764915616
2 0.3009397203758882 0.054730211552174945 0.05638322255328902 0.03410981697171381
2 0.1963098785239514 0.08367007368671261 0.04836121934448774 0.01949132398383646
2 0.14577125830850332 0.16276444021868314 0.038964015585606235 0.027216543855478965
0 0.4052257620903048 0.419954837176135 0.06050882420352968 0.03410981697171381
2 0.23114829245931698 0.4135963869740908 0.0644052257620903 0.031376277632517234
2 0.4530139812055925 0.3714642262895175 0.05386202154480862 0.02792964107439981
2 0.4630987852395141 0.25368433563109105 0.04973641989456796 0.02792964107439981
1 0.5004584001833601 0.27258141193249347 0.03140041256016502 0.016282386498692656
2 0.0524868209947284 0.2792369859757547 0.04033921613568645 0.014856192060850962
1 0.061425624570249825 0.3085333967197528 0.03667201466880587 0.012122652721654385
2 0.13797845519138208 0.24904920370810554 0.043089617235846894 0.025077252198716427
2 0.17327526931010773 0.21838602329450915 0.03667201466880587 0.017708580936534348
2 0.280999312399725 0.1632992631328738 0.04033921613568645 0.022819111005467078
2 0.19585147834059133 0.14594723080579985 0.03323401329360532 0.021392916567625386
2 0.0725418290167316 0.18011647254575708 0.052028420811368326 0.02650344663655812
0 0.08732523493009398 0.15307820299500832 0.04033921613568645 0.021868314713572617
2 0.3558331423332569 0.4629783693843594 0.05386202154480862 0.025552650344663655
2 0.47215218886087557 0.4104468742571904 0.03758881503552602 0.024601854052769195
0 0.4712353884941554 0.44021868314713575 0.05546642218656887 0.020917518421678154
2 0.4516387806555123 0.4532921321606846 0.0644052257620903 0.021868314713572617
2 0.537932615173046 0.4523413358687901 0.05454962181984873 0.029236985975754696
2 0.5404538161815264 0.478369384359401 0.043089617235846894 0.019966722129783693
2 0.5326610130644053 0.4198359876396482 0.042172816869126745 0.016282386498692656
2 0.5241806096722439 0.3484668409793202 0.05546642218656887 0.03161397670549085
2 0.5551226220490488 0.3728904207273592 0.03667201466880587 0.014380793914903732
2 0.2243868897547559 0.35375564535298315 0.03850561540224616 0.024601854052769195
2 0.693903277561311 0.07041835036843357 0.06532202612881045 0.024601854052769195
2 0.6284666513866606 0.03369384359400998 0.03850561540224616 0.015331590206798194
2 0.4444189777675911 0.04670786783931543 0.05546642218656887 0.019966722129783693
0 0.9039651615860647 0.33248157832184455 0.03575521430208572 0.024601854052769195
0 0.8261517304606922 0.38519134775374375 0.04469401787760715 0.020442120275730925
0 0.7226678890671556 0.45002376990729737 0.0206280082512033 0.015331590206798194
2 0.7505157002062801 0.4360589493700975 0.03323401329360532 0.01806512954599477
2 0.5317442126976851 0.29088424055146184 0.034838413935365575 0.014856192060850962
2 0.4915195966078386 0.4751604468742572 0.029566811826724732 0.012598050867601617
2 0.1393536557414623 0.39398621345376755 0.058216823286729315 0.01949132398383646
2 0.12732065092826036 0.31667458996909914 0.04652761861104744 0.02650344663655812
1 0.10348384139353656 0.30568100784406943 0.027733211093284436 0.018540527691942
2 0.0756360302544121 0.24340385072498216 0.034838413935365575 0.021392916567625386
2 0.29394911757964703 0.09549560256714999 0.03415081366032546 0.017233182790587116
1 0.36339674535869815 0.04641074399809841 0.03140041256016502 0.014856192060850962
2 0.7964703185881274 0.36195626337057285 0.03758881503552602 0.016757784644639884
2 0.4762777905111162 0.48579748038982645 0.03667201466880587 0.014380793914903732
2 0.2400870960348384 0.44532921321606844 0.03048361219344488 0.011647254575707155
2 0.19986247994499198 0.42999762300927025 0.03758881503552602 0.01806512954599477
2 0.25349530139812054 0.32642025196101737 0.03942241576896631 0.016282386498692656
2 0.27962411184964475 0.3441288328975517 0.043089617235846894 0.017233182790587116
2 0.42023836809534726 0.1804730211552175 0.03048361219344488 0.014380793914903732
0 0.5770112308044923 0.6021511766104112 0.04469401787760715 0.025077252198716427
0 0.34586293834517534 0.8231518897076301 0.06280082512033004 0.029236985975754696
0 0.3475819390327756 0.8956501069645828 0.04836121934448774 0.020917518421678154
0 0.3323401329360532 0.940694081293083 0.05546642218656887 0.021868314713572617
0 0.4516387806555123 0.8323627287853578 0.07357322942929177 0.03482291419063466
0 0.38757735503094204 0.7975398145947231 0.06371762548705019 0.024601854052769195
0 0.5035526014210405 0.6870097456619919 0.0412560165024066 0.02365105776087473
0 0.7446710978684391 0.6685880675065368 0.06096722438688976 0.033396719752792965
0 0.23745129498051798 0.7394223912526741 0.0806784322713729 0.033872117898740194
0 0.24959889983955993 0.768243403850725 0.05638322255328902 0.019966722129783693
0 0.2662159064863626 0.8530425481340623 0.04836121934448774 0.025077252198716427
0 0.13591565436626174 0.6811861183741383 0.06371762548705019 0.026978844782505347
0 0.39479715791886316 0.5345257903494176 0.051111620444648176 0.025552650344663655
0 0.1824432729773092 0.6104706441644877 0.06371762548705019 0.023175659614927503
0 0.8785239514095806 0.6423223199429522 0.05454962181984873 0.03672450677442358
0 0.9394911757964703 0.7016876634181126 0.05638322255328902 0.02234371285951985
0 0.8735961494384598 0.8749108628476349 0.0662388264955306 0.026028048490610887
0 0.549851019940408 0.9711195626337057 0.06371762548705019 0.021392916567625386
0 0.24043089617235847 0.7956976467791775 0.034838413935365575 0.021868314713572617
0 0.21945908778363513 0.8816258616591395 0.03048361219344488 0.019015925837889233
0 0.41840476736190696 0.6086879011171856 0.05019482007792803 0.026028048490610887
0 0.16720146688058676 0.6425600190159259 0.029566811826724732 0.013905395768956502
0 0.09099243639697456 0.7515450439743285 0.044006417602567044 0.024601854052769195
1 0.25223470089388034 0.5666151652008558 0.027733211093284436 0.01342999762300927
2 0.5318588127435251 0.5263845971000713 0.0456108182443273 0.01949132398383646
2 0.32718313087325235 0.5847991442833373 0.03415081366032546 0.017233182790587116
2 0.31457712583085035 0.5508676016163537 0.052028420811368326 0.020917518421678154
2 0.4059133623653449 0.5735678630853339 0.05546642218656887 0.022819111005467078
2 0.4582855833142333 0.5601378654623247 0.06532202612881045 0.021868314713572617
1 0.5278478111391245 0.713216068457333 0.021544808617923447 0.02234371285951985
1 0.5550080220032088 0.817981934870454 0.049278019711207884 0.02365105776087473
1 0.5680724272289709 0.8409793201806512 0.04836121934448774 0.018540527691942
1 0.7772175108870043 0.8237461373900642 0.05638322255328902 0.01949132398383646
1 0.768737107494843 0.7973021155217495 0.03575521430208572 0.024126455906821963
1 0.46275498510199403 0.9202519610173521 0.034838413935365575 0.020917518421678154
1 0.3347467338986936 0.642144045638222 0.04744441897776759 0.020442120275730925
1 0.22347008938803575 0.6553957689565011 0.03850561540224616 0.01342999762300927
1 0.5071052028420812 0.5900879486570002 0.04469401787760715 0.020442120275730925
2 0.22094888837955534 0.581946755407654 0.04033921613568645 0.01342999762300927
2 0.3444877377950951 0.6941407178512004 0.058216823286729315 0.03434751604468743
2 0.3166399266559707 0.6741145709531733 0.0456108182443273 0.028761587829807464
2 0.3660325464130186 0.6723318279058712 0.04033921613568645 0.030663180413596388
2 0.4099243639697456 0.6909317803660566 0.04744441897776759 0.02792964107439981
2 0.43101077240430896 0.7256952697884478 0.0644052257620903 0.03898264796767292
2 0.4718083887233555 0.7146422628951747 0.027733211093284436 0.010221060137865463
2 0.569333027733211 0.6507606370335156 0.07792803117121247 0.03577371048252912
2 0.6775154710061884 0.6042904682671738 0.043089617235846894 0.03577371048252912
2 0.6317900527160211 0.6054195388637984 0.04836121934448774 0.029712384121701924
2 0.606692642677057 0.583135250772522 0.03942241576896631 0.023175659614927503
2 0.5760944304377722 0.5596624673163775 0.04836121934448774 0.022819111005467078
2 0.6396974558789823 0.5754694556691229 0.0412560165024066 0.03208937485143808
2 0.675223470089388 0.5710125980508676 0.042172816869126745 0.025077252198716427
2 0.7285124914049965 0.580342286665082 0.06807242722897089 0.020442120275730925
2 0.7257620903048361 0.6070834323746137 0.04836121934448774 0.020917518421678154
2 0.831423332569333 0.594901354884716 0.04652761861104744 0.02365105776087473
1 0.8387577355030942 0.659496077965296 0.05386202154480862 0.01806512954599477
2 0.8735961494384598 0.678630853339672 0.03415081366032546 0.010696458283812693
2 0.8109099243639697 0.7056096981221773 0.0412560165024066 0.021868314713572617
2 0.8808159523263809 0.7085809365343475 0.043089617235846894 0.028761587829807464
2 0.8507907403162961 0.7538626099358212 0.03850561540224616 0.019015925837889233
2 0.8350905340362136 0.7854171618730686 0.05386202154480862 0.02365105776087473
2 0.8865459546183818 0.7815545519372474 0.04033921613568645 0.01949132398383646
2 0.905798762319505 0.762063227953411 0.03758881503552602 0.020442120275730925
2 0.6798074719229887 0.7427501782743048 0.06371762548705019 0.02745424292845258
2 0.6693788677515471 0.7808414547183266 0.04836121934448774 0.022819111005467078
2 0.6994040797616319 0.7680651295459948 0.05294522117808847 0.014856192060850962
2 0.5680724272289709 0.7531495127169004 0.07173962869585147 0.04088424055146185
2 0.5026358010543204 0.7576063703351557 0.03758881503552602 0.017233182790587116
2 0.6393536557414623 0.6922391252674115 0.06898922759569104 0.033396719752792965
2 0.6680036672014669 0.7186237223674827 0.03140041256016502 0.015331590206798194
2 0.7517763007105203 0.7257546945566913 0.03942241576896631 0.016757784644639884
2 0.4530139812055925 0.7880318516757785 0.0456108182443273 0.02792964107439981
2 0.39651615860646344 0.7631328737817923 0.03667201466880587 0.019015925837889233
1 0.6443960577584231 0.8178036605657238 0.03231721292688517 0.01949132398383646
2 0.6054320421728169 0.8089493700974566 0.03323401329360532 0.017708580936534348
2 0.5608526243410498 0.7903494176372712 0.03758881503552602 0.01949132398383646
2 0.6272060508824203 0.8690872355597813 0.04836121934448774 0.02365105776087473
2 0.29394911757964703 0.8075826004278583 0.04836121934448774 0.01949132398383646
2 0.319046527618611 0.7873187544568576 0.043089617235846894 0.025552650344663655
2 0.28088471235388496 0.7889232231994295 0.03140041256016502 0.018540527691942
2 0.150011460004584 0.771036367958165 0.0456108182443273 0.033872117898740194
2 0.11700664680265872 0.8105538388400285 0.04744441897776759 0.020917518421678154
2 0.19974787989915196 0.777810791537913 0.04836121934448774 0.025077252198716427
2 0.12285124914049965 0.7311029236985975 0.043089617235846894 0.02365105776087473
2 0.2714875085950034 0.6992512479201332 0.03048361219344488 0.023175659614927503
2 0.08904423561769424 0.8375326836225339 0.027733211093284436 0.022819111005467078
2 0.0693330277332111 0.7207035892560019 0.029566811826724732 0.020442120275730925
2 0.2696539078615631 0.9219158545281674 0.024982809993123998 0.021392916567625386
2 0.48888379555351824 0.8698597575469456 0.042172816869126745 0.021392916567625386
0 0.46229658491863396 0.8825172331827906 0.043089617235846894 0.024601854052769195
2 0.5076782030712812 0.8913715236510578 0.04033921613568645 0.021868314713572617
2 0.3988081595232638 0.9112193962443547 0.03575521430208572 0.012122652721654385
2 0.42963557185422874 0.8978488233895888 0.0456108182443273 0.01342999762300927
2 0.42207196882878756 0.9279177561207511 0.03231721292688517 0.017708580936534348
2 0.5720834288333715 0.9291062514856192 0.05638322255328902 0.02650344663655812
2 0.6178088471235389 0.9327311623484669 0.029566811826724732 0.019015925837889233
2 0.8168691267476507 0.889053957689565 0.06371762548705019 0.02745424292845258
2 0.7978455191382077 0.8533396719752793 0.04033921613568645 0.03208937485143808
2 0.6822140728856292 0.9236985975754695 0.04744441897776759 0.020442120275730925
2 0.6455420582168233 0.9643451390539577 0.04744441897776759 0.019966722129783693
2 0.6949346779738712 0.9506180175897314 0.03850561540224616 0.023175659614927503
2 0.7568187027274811 0.9125267411457095 0.044006417602567044 0.020442120275730925
2 0.7024982809993124 0.8367601616353696 0.02337840935136374 0.01295459947706204
2 0.718198487279395 0.8514975041597338 0.027733211093284436 0.014380793914903732
2 0.7490258996103598 0.8804967910625149 0.05546642218656887 0.026028048490610887
1 0.7580793032317213 0.9455669122890421 0.024982809993123998 0.011171856429759925
2 0.3412789365115746 0.9655336344188258 0.03575521430208572 0.010221060137865463
2 0.2057070822828329 0.9128238649869266 0.029566811826724732 0.014380793914903732
2 0.22897089158835662 0.8976705490848585 0.0206280082512033 0.008319467554076539
2 0.21544808617923447 0.9288091276444022 0.03667201466880587 0.008319467554076539
0 0.8848269539307816 0.843296886142144 0.06715562686225074 0.033396719752792965
2 0.9296355718542287 0.8220228191110055 0.03850561540224616 0.03815070121226527
2 0.5511116204446482 0.9039695745186593 0.05019482007792803 0.020917518421678154
2 0.5095118038047215 0.919063465652484 0.04033921613568645 0.018540527691942
2 0.231262892505157 0.8428214879961968 0.03942241576896631 0.023175659614927503
2 0.218656887462755 0.8582125029712384 0.0412560165024066 0.020442120275730925
2 0.181297272518909 0.7461968148324222 0.05454962181984873 0.026978844782505347
2 0.4673389869355948 0.6073211314475874 0.044006417602567044 0.03256477299738531
1 0.12365344946137978 0.6340028523888757 0.03048361219344488 0.014380793914903732
1 0.12823745129498051 0.6565842643213692 0.028650011460004583 0.015806988352745424
1 0.48475819390327757 0.6384002852388876 0.03758881503552602 0.014856192060850962
1 0.38654595461838187 0.870513429997623 0.027733211093284436 0.01342999762300927
1 0.3506761402704561 0.876990729736154 0.03667201466880587 0.010696458283812693
1 0.4041943616777447 0.885072498217257 0.028650011460004583 0.009270263845971
