1 0.24169611307420494 0.09361026123793834 0.03674911660777385 0.023652624146858085
1 0.4510011778563015 0.13061896916921628 0.05206124852767962 0.027535890797834785
1 0.4702002355712603 0.03283125441280301 0.019787985865724382 0.009178630265944928
1 0.5955241460541814 0.1508001882795952 0.06878680800942286 0.026712167568839727
2 0.3746760895170789 0.09125676629795246 0.039811542991755 0.03283125441280301
2 0.5054181389870436 0.14056248529065662 0.03510011778563015 0.026006119086843964
2 0.5190812720848057 0.03324311602730054 0.028975265017667843 0.011414450458931514
2 0.6468786808009422 0.14509296305012945 0.024499411071849234 0.012238173687926571
1 0.6673733804475854 0.16421510943751472 0.03816254416961131 0.016827488820899034
1 0.6744405182567726 0.19663450223582019 0.05512367491166078 0.028241939279830548
2 0.37773851590106006 0.20622499411626266 0.039811542991755 0.016827488820899034
2 0.3823321554770318 0.22264062132266416 0.030624263839811542 0.012944222169922335
0 0.13521790341578327 0.21387385267121675 0.08716136631330977 0.04577547658272535
2 0.7186101295641931 0.14438691456813368 0.05818610129564193 0.027535890797834785
2 0.7294464075382804 0.17068722052247587 0.0336866902237927 0.017533537302894798
2 0.7187279151943463 0.10655448340786067 0.03674911660777385 0.023652624146858085
2 0.7638398115429917 0.1030830783713815 0.03510011778563015 0.0214168039538715
1 0.7080094228504122 0.08096022593551423 0.05206124852767962 0.024476347375853143
1 0.7531213191990577 0.06872205224758766 0.032037691401649 0.018357260531889855
2 0.8738515901060071 0.12255824899976465 0.04122497055359246 0.02977171099082137
2 0.8952885747938751 0.19281007295834313 0.059599528857479385 0.03283125441280301
2 0.9448763250883392 0.1828665568369028 0.030624263839811542 0.025182395857848906
1 0.8318021201413428 0.22493527888915038 0.030624263839811542 0.017533537302894798
1 0.8716136631330977 0.2279359849376324 0.030624263839811542 0.01906330901388562
2 0.8600706713780919 0.2524711696869852 0.06878680800942286 0.03283125441280301
2 0.8493521790341578 0.29754059778771474 0.059599528857479385 0.02977171099082137
2 0.7361601884570083 0.29983525535420097 0.02591283863368669 0.01906330901388562
1 0.827208480565371 0.3150152977171099 0.02756183745583039 0.012944222169922335
1 0.8050647820965842 0.347493527888915 0.03510011778563015 0.0214168039538715
1 0.7239104829210836 0.37997175806072014 0.03816254416961131 0.022122852435867264
1 0.9160188457008245 0.3659096257943045 0.0336866902237927 0.016827488820899034
1 0.5580683156654888 0.3493763238409037 0.04287396937573616 0.022122852435867264
1 0.5244994110718493 0.35902565309484585 0.02756183745583039 0.018357260531889855
1 0.37832744405182567 0.34072722993645566 0.03816254416961131 0.022946575664862322
1 0.5534746760895171 0.2551188514944693 0.039811542991755 0.0214168039538715
1 0.5412249705535924 0.23676159096257943 0.02756183745583039 0.015297717109908213
1 0.6704358068315666 0.25470698987997176 0.03816254416961131 0.02059308072487644
1 0.6637220259128387 0.2887149917627677 0.045936395759717315 0.019887032242880676
1 0.2431095406360424 0.2833607907742998 0.04899882214369847 0.024476347375853143
2 0.5878680800942285 0.3861496822781831 0.04122497055359246 0.023652624146858085
2 0.25618374558303886 0.32572369969404563 0.04734982332155477 0.025182395857848906
2 0.19646643109540637 0.3395504824664627 0.05653710247349823 0.03283125441280301
2 0.12697290930506477 0.25670746057895977 0.0673733804475854 0.03212520593080725
2 0.18044758539458186 0.2688867968933867 0.03674911660777385 0.027535890797834785
2 0.3845700824499411 0.37426453283125444 0.03510011778563015 0.022946575664862322
1 0.111660777385159 0.2883031301482702 0.03674911660777385 0.022122852435867264
2 0.14287396937573615 0.4150976700400094 0.03510011778563015 0.026712167568839727
2 0.18409893992932863 0.43769122146387385 0.022850412249705535 0.019887032242880676
2 0.5764428739693758 0.4232172275829607 0.04287396937573616 0.026006119086843964
1 0.23168433451118964 0.40591903977406446 0.04122497055359246 0.02059308072487644
1 0.11154299175500589 0.39603436102612377 0.02756183745583039 0.017533537302894798
2 0.30424028268551234 0.47511179100964934 0.039811542991755 0.016827488820899034
2 0.7546525323910483 0.46134384561073194 0.04122497055359246 0.01070840197693575
2 0.45936395759717313 0.4823487879501059 0.044287396937573616 0.022122852435867264
2 0.525206124852768 0.49152741821605084 0.05347467608951708 0.01906330901388562
1 0.4166077738515901 0.457166392092257 0.028975265017667843 0.025182395857848906
1 0.6498233215547703 0.4579312779477524 0.02756183745583039 0.02059308072487644
1 0.6780918727915194 0.46399152741821603 0.028975265017667843 0.016003765591903977
1 0.5191990577149588 0.45175335373028946 0.03816254416961131 0.022122852435867264
1 0.4839811542991755 0.4663450223582019 0.028975265017667843 0.022122852435867264
2 0.5449941107184924 0.5251235584843492 0.03510011778563015 0.014473993880913156
2 0.3401648998822144 0.559837608849141 0.05041224970553593 0.026006119086843964
2 0.7707891637220259 0.6045540127088727 0.0673733804475854 0.042009884678747944
2 0.3426383981154299 0.646505060014121 0.039811542991755 0.022122852435867264
2 0.9449941107184924 0.6869851729818781 0.045936395759717315 0.037420569545775474
1 0.4909305064782097 0.6072016945163567 0.030624263839811542 0.018357260531889855
1 0.5856301531213192 0.6010826076723935 0.05512367491166078 0.0214168039538715
1 0.6016489988221437 0.6309131560367145 0.06878680800942286 0.026006119086843964
1 0.47785630153121317 0.6381501529771711 0.03510011778563015 0.01906330901388562
1 0.402944640753828 0.6302071075547188 0.028975265017667843 0.026006119086843964
1 0.2729093050647821 0.6129089197458225 0.028975265017667843 0.02059308072487644
1 0.823321554770318 0.6584490468345493 0.03816254416961131 0.029065662508825606
2 0.8095406360424028 0.6847493527888915 0.04122497055359246 0.01906330901388562
1 0.8241460541813899 0.7081077900682513 0.02756183745583039 0.013767945398917392
1 0.7652532391048292 0.6896916921628619 0.028975265017667843 0.015297717109908213
2 0.7193168433451119 0.6683925629559897 0.03510011778563015 0.015297717109908213
2 0.6804475853945818 0.6740409508119558 0.02143698468786808 0.012944222169922335
2 0.7024734982332156 0.7531183807954813 0.032037691401649 0.015297717109908213
1 0.7468786808009423 0.7672393504353966 0.03510011778563015 0.016003765591903977
1 0.9044758539458186 0.7477641798070134 0.03510011778563015 0.019887032242880676
2 0.8983510011778563 0.7160508354907037 0.04734982332155477 0.016003765591903977
1 0.8411071849234394 0.7767710049423394 0.039811542991755 0.015297717109908213
1 0.8012956419316843 0.7840668392562956 0.0336866902237927 0.012944222169922335
1 0.9547703180212014 0.7801835726053189 0.019787985865724382 0.012944222169922335
2 0.44110718492343937 0.727171099082137 0.04122497055359246 0.022946575664862322
2 0.38763250883392225 0.7546481525064721 0.059599528857479385 0.03671452106377971
1 0.3646643109540636 0.6878088962108732 0.05041224970553593 0.022122852435867264
2 0.3418138987043581 0.66333254883502 0.03816254416961131 0.012944222169922335
1 0.291283863368669 0.6854554012708872 0.03510011778563015 0.025182395857848906
2 0.21625441696113074 0.6752765356554483 0.07491166077738516 0.041303836196752174
1 0.21012956419316844 0.7099317486467404 0.032037691401649 0.022122852435867264
2 0.058775029446407535 0.6985172981878089 0.0657243816254417 0.03130148270181219
1 0.31967020023557124 0.7791244998823252 0.030624263839811542 0.018357260531889855
1 0.3402826855123675 0.7989526947517063 0.05347467608951708 0.016827488820899034
1 0.4082449941107185 0.8103671452106378 0.04287396937573616 0.029065662508825606
1 0.5956419316843345 0.8198987997175806 0.03510011778563015 0.023652624146858085
1 0.619316843345112 0.771004942339374 0.04287396937573616 0.025182395857848906
1 0.8288574793875148 0.821840433043069 0.045936395759717315 0.027535890797834785
1 0.863133097762073 0.8187808896210873 0.032037691401649 0.0214168039538715
1 0.1879858657243816 0.881501529771711 0.030624263839811542 0.0214168039538715
0 0.18197879858657243 0.7771828665568369 0.07043580683156656 0.03283125441280301
0 0.25842167255594817 0.8203106613320781 0.0734982332155477 0.04424570487173453
2 0.045936395759717315 0.7893622028712638 0.04899882214369847 0.028241939279830548
2 0.17279151943462898 0.8429042127559426 0.05818610129564193 0.037420569545775474
2 0.07114252061248527 0.8061308543186633 0.03816254416961131 0.014473993880913156
2 0.316489988221437 0.9142739468110144 0.05818610129564193 0.03212520593080725
2 0.37373380447585397 0.8726170863732643 0.0657243816254417 0.03589079783478465
2 0.43356890459363956 0.8898564368086609 0.0657243816254417 0.027535890797834785
2 0.3118963486454652 0.8504353965638974 0.04899882214369847 0.03130148270181219
2 0.4624263839811543 0.8523770298893857 0.05653710247349823 0.026006119086843964
2 0.5069493521790341 0.8053659684631678 0.044287396937573616 0.028241939279830548
2 0.0956419316843345 0.8696163803247823 0.05041224970553593 0.03436102612379383
2 0.21566548881036512 0.909331607437044 0.05206124852767962 0.026712167568839727
2 0.7751472320376914 0.8577900682513533 0.02756183745583039 0.016827488820899034
2 0.6620730270906949 0.8493763238409038 0.07656065959952886 0.04424570487173453
1 0.421319199057715 0.9443986820428336 0.05347467608951708 0.026712167568839727
2 0.7002355712603062 0.9505766062602965 0.02756183745583039 0.012944222169922335
1 0.6048292108362779 0.9677571193221934 0.04734982332155477 0.0214168039538715
1 0.7722025912838634 0.9410449517533537 0.030624263839811542 0.015297717109908213
1 0.4977620730270907 0.9833490232996 0.044287396937573616 0.017533537302894798
0 0.24075382803297998 0.94333960931984 0.07491166077738516 0.029065662508825606
2 0.15441696113074205 0.913509060955519 0.0336866902237927 0.018357260531889855
