0 0.27180739706908585 0.0961991056719228 0.04396371249127704 0.028830313014827018
0 0.41311933007676205 0.0720169451635679 0.06606187485461736 0.017651212049894092
0 0.5380321004884857 0.03947987761826312 0.062340079088160034 0.025064721110849612
0 0.6666666666666666 0.04601082607672394 0.040474528960223306 0.019534008001882795
0 0.8456617818097232 0.1226170863732643 0.05698999767387765 0.03906801600376559
0 0.8172830890904862 0.08819722287597082 0.058850895557106306 0.022240527182866558
0 0.963247266806234 0.21734525770769592 0.03861363107699465 0.03153683219581078
0 0.9228890439637125 0.29824664626971054 0.06071179344033496 0.02412332313485526
2 0.9018376366596883 0.26982819486938103 0.0772272621539893 0.03247823017180513
0 0.8199581297976274 0.4092139326900447 0.07536636427076064 0.03989173923276065
2 0.6712026052570366 0.46828665568369027 0.05326820190742033 0.02977171099082137
0 0.6161898115840894 0.4566368557307602 0.07536636427076064 0.028830313014827018
0 0.10386136310769946 0.3618498470228289 0.05698999767387765 0.03436102612379383
0 0.12758781111886486 0.22164038597317015 0.06071179344033496 0.03071310896681572
0 0.055943242614561524 0.22622970110614263 0.04954640614096301 0.028830313014827018
0 0.0668760176785299 0.2675335373028948 0.0458246103745057 0.027888915038832666
0 0.735519888346127 0.3093669098611438 0.07164456850430333 0.03341962814779948
0 0.32775063968364737 0.4743469051541539 0.034891835310537335 0.019534008001882795
2 0.369155617585485 0.47611202635914335 0.03675273319376599 0.019534008001882795
2 0.40672249360316354 0.4701106142621793 0.020237264480111653 0.01670981407389974
2 0.3764829030006978 0.43245469522240526 0.05512909979064899 0.0214168039538715
2 0.36531751570132587 0.40562485290656625 0.04396371249127704 0.0214168039538715
2 0.30576878343800884 0.2578842080489527 0.0458246103745057 0.028830313014827018
2 0.3718306582926262 0.27124029183337256 0.0458246103745057 0.035302424099788184
2 0.46917887880902537 0.2759472817133443 0.0642009769713887 0.03153683219581078
2 0.4920911839962782 0.23829136267357026 0.05140730402419167 0.036243822075782535
2 0.5830425680390788 0.20198870322428808 0.06071179344033496 0.03989173923276065
2 0.5425680390788555 0.18116027300541304 0.04954640614096301 0.027888915038832666
2 0.6060711793440335 0.159331607437044 0.058850895557106306 0.036243822075782535
2 0.49779018376366596 0.15609555189456342 0.03303093742730868 0.022240527182866558
2 0.6317748313561293 0.09849376323840904 0.03303093742730868 0.018592610025888443
2 0.7832053966038613 0.1714521063779713 0.034891835310537335 0.017651212049894092
1 0.7336589904628984 0.20293010120028243 0.03861363107699465 0.02318192515886091
1 0.4260293091416609 0.15333019534008002 0.05512909979064899 0.035302424099788184
1 0.3306582926261921 0.1449164509296305 0.058850895557106306 0.026006119086843964
1 0.609676668992789 0.24105671922805366 0.03675273319376599 0.02318192515886091
1 0.6593393812514539 0.2736526241468581 0.04396371249127704 0.026947517062838315
1 0.6080483833449639 0.3057189927041657 0.040474528960223306 0.020475405977877146
1 0.1688764829030007 0.26618027771240294 0.02930914166085136 0.019534008001882795
1 0.1819027680856013 0.13709108025417746 0.040474528960223306 0.019534008001882795
1 0.8155384973249593 0.36002588844433986 0.03675273319376599 0.02318192515886091
2 0.7630844382414514 0.3484349258649094 0.05326820190742033 0.018592610025888443
2 0.6566643405443127 0.36326194398682043 0.07536636427076064 0.035302424099788184
2 0.47197022563386837 0.421334431630972 0.040474528960223306 0.03071310896681572
2 0.4361479413817167 0.35626029654036245 0.04233542684345196 0.028830313014827018
2 0.4829030006978367 0.3321369734055072 0.062340079088160034 0.026947517062838315
2 0.5244242847173761 0.39674040950811956 0.04954640614096301 0.027888915038832666
2 0.534542916957432 0.36555660155330666 0.040474528960223306 0.028830313014827018
2 0.20376831821353802 0.3418451400329489 0.062340079088160034 0.035302424099788184
2 0.3342637822749477 0.3321369734055072 0.03675273319376599 0.028830313014827018
2 0.22214468481042102 0.30012944222169924 0.040474528960223306 0.027888915038832666
2 0.1743428704349849 0.2095198870322429 0.047685508257734356 0.03071310896681572
2 0.12584321935333798 0.29636385031772183 0.031170039544080017 0.027888915038832666
2 0.15899046289834845 0.30189456342668863 0.02395906024656897 0.02412332313485526
2 0.787857641311933 0.22711226170863733 0.040474528960223306 0.03247823017180513
2 0.840195394277739 0.19422216992233465 0.04233542684345196 0.02977171099082137
2 0.8356594556873691 0.21828665568369027 0.05512909979064899 0.018592610025888443
2 0.5180274482437777 0.0915509531654507 0.040474528960223306 0.03247823017180513
1 0.5739706908583392 0.13056013179571663 0.04954640614096301 0.026947517062838315
2 0.5426843451965574 0.8534361026123793 0.0642009769713887 0.03071310896681572
2 0.5436147941381717 0.8863850317721816 0.040474528960223306 0.027888915038832666
2 0.6014189346359619 0.9016827488820899 0.06071179344033496 0.028830313014827018
2 0.3772970458246104 0.6308543186632148 0.0642009769713887 0.037185220051776886
2 0.7098162363340311 0.557013414921158 0.06071179344033496 0.03071310896681572
2 0.6665503605489649 0.5411861614497528 0.04396371249127704 0.019534008001882795
2 0.5095371016515469 0.5258884443398447 0.05326820190742033 0.018592610025888443
0 0.5655966503838102 0.5254177453518475 0.05512909979064899 0.0214168039538715
0 0.45371016515468715 0.5978465521299129 0.05140730402419167 0.028830313014827018
0 0.41311933007676205 0.5881383855024712 0.03303093742730868 0.03153683219581078
0 0.24435915329146313 0.6462108731466227 0.05140730402419167 0.02318192515886091
0 0.26529425447778554 0.625323605554248 0.0458246103745057 0.020475405977877146
0 0.041288671784135846 0.6986938103083078 0.0458246103745057 0.02412332313485526
0 0.06047918120493138 0.7748293716168511 0.062340079088160034 0.02977171099082137
0 0.2342405210514073 0.7637091080254177 0.07164456850430333 0.03906801600376559
0 0.24517329611537567 0.8524358672628853 0.04233542684345196 0.019534008001882795
0 0.5023261223540358 0.8096610967286421 0.06071179344033496 0.04365733113673806
0 0.8207722726215398 0.7562367615909625 0.04396371249127704 0.026006119086843964
0 0.9374273086764364 0.7190515415391857 0.0642009769713887 0.04459872911273241
0 0.756687601767853 0.6722169922334666 0.06978367062107467 0.028830313014827018
0 0.8135612933240288 0.6471522711226171 0.05512909979064899 0.04554012708872676
0 0.4397534310304722 0.6707460578959755 0.05326820190742033 0.03341962814779948
0 0.5776924866247964 0.9769357495881383 0.06071179344033496 0.0214168039538715
0 0.7319143986973715 0.9504589315132973 0.05698999767387765 0.020475405977877146
0 0.8732263317050477 0.8803247823017181 0.031170039544080017 0.017651212049894092
0 0.13410095371016514 0.8394328077194634 0.05140730402419167 0.025064721110849612
2 0.4765061642242382 0.5630148270181219 0.05326820190742033 0.026006119086843964
2 0.6565480344266108 0.5871969875264769 0.0458246103745057 0.03153683219581078
2 0.6849267271458479 0.6154977641798071 0.05140730402419167 0.026947517062838315
2 0.4920911839962782 0.679159802306425 0.05140730402419167 0.026006119086843964
2 0.3864852291230519 0.6698634972934808 0.0458246103745057 0.027888915038832666
1 0.6227029541753897 0.8162508825606025 0.040474528960223306 0.03071310896681572
1 0.6612002791346825 0.7874205695457754 0.05140730402419167 0.03071310896681572
1 0.35624563852058616 0.5444810543657331 0.047685508257734356 0.018592610025888443
1 0.08094905792044661 0.7335843727935984 0.040474528960223306 0.0214168039538715
2 0.15701325889741802 0.8942692398211344 0.034891835310537335 0.025064721110849612
0 0.12386601535240754 0.8779712873617321 0.05326820190742033 0.035302424099788184
2 0.059781344498720634 0.8343727935984938 0.034891835310537335 0.027888915038832666
2 0.27180739706908585 0.9077429983525536 0.047685508257734356 0.020475405977877146
1 0.4803442661083973 0.7594728171334432 0.04233542684345196 0.03247823017180513
1 0.5097697138869505 0.5959637561779242 0.02395906024656897 0.028830313014827018
2 0.7180739706908583 0.7850670746057896 0.040474528960223306 0.02412332313485526
2 0.384740637357525 0.9598140738997412 0.034891835310537335 0.02977171099082137
2 0.31228192602930915 0.9574605789597552 0.047685508257734356 0.025064721110849612
2 0.8475226796929518 0.8561426217933631 0.06071179344033496 0.03071310896681572
2 0.7300535008141428 0.823664391621558 0.05326820190742033 0.03071310896681572
2 0.7841358455454757 0.8046010826076724 0.03675273319376599 0.022240527182866558
2 0.850197720400093 0.7367615909625794 0.03303093742730868 0.020475405977877146
2 0.8824145150034892 0.8217815956695693 0.0458246103745057 0.026947517062838315
2 0.4747615724587113 0.9008001882795952 0.027448243777622703 0.0214168039538715
2 0.49860432658757853 0.9188044245704872 0.0458246103745057 0.01670981407389974
2 0.3387997208653175 0.8175453047775947 0.05698999767387765 0.027888915038832666
2 0.3967201674808095 0.7994233937397035 0.05512909979064899 0.025064721110849612
2 0.34263782274947663 0.7530595434219817 0.07164456850430333 0.026947517062838315
2 0.5472202837869272 0.7074605789597552 0.04396371249127704 0.0214168039538715
2 0.5747848336822516 0.5857260531889856 0.040474528960223306 0.02318192515886091
2 0.14968597348220516 0.5997293480819016 0.05326820190742033 0.02318192515886091
2 0.138636892300535 0.6499176276771005 0.03861363107699465 0.036243822075782535
2 0.24145150034891835 0.6838079548128971 0.06792277273784601 0.03153683219581078
2 0.2000465224470807 0.640150623676159 0.02930914166085136 0.020475405977877146
2 0.32042335426843455 0.5913744410449517 0.0458246103745057 0.025064721110849612
2 0.27273784601070017 0.5843727935984938 0.0458246103745057 0.018592610025888443
2 0.319609211444522 0.6290303600847258 0.03675273319376599 0.026006119086843964
2 0.35450104675505933 0.5801953400800188 0.02930914166085136 0.025064721110849612
2 0.337985578041405 0.6996352082843021 0.03675273319376599 0.026006119086843964
2 0.3912537799488253 0.7116380324782302 0.03303093742730868 0.02977171099082137
2 0.24703419399860432 0.8036008472581784 0.0642009769713887 0.03153683219581078
2 0.14038148406606188 0.7790656625088256 0.04954640614096301 0.026947517062838315
2 0.4069551058385671 0.9820546010826077 0.06071179344033496 0.011179100964932926
2 0.8135612933240288 0.5927865380089433 0.04396371249127704 0.027888915038832666
